0 0.29892 0.563025 0.621849 0.484994 0.62425 0.476591 0.661465 
0.29892 0 0.468187 0.572629 0.320528 0.57503 0.319328 0.626651 
0.563025 0.468187 0 0.318127 0.307323 0.296519 0.548619 0.468187 
0.621849 0.572629 0.318127 0 0.482593 0.472989 0.627851 0.565426 
0.484994 0.320528 0.307323 0.482593 0 0.471789 0.47419 0.561825 
0.62425 0.57503 0.296519 0.472989 0.471789 0 0.596639 0.312125 
0.476591 0.319328 0.548619 0.627851 0.47419 0.596639 0 0.62545 
0.661465 0.626651 0.468187 0.565426 0.561825 0.312125 0.62545 0 
